1529951418.924782
1529951433.347718
1529951434.3563631
1529951435.062345
1529951435.6674981
1529951436.171833
1529951436.6783259
1529951437.1826501
1529951437.688602
1529951438.192898
1529951438.6972001
1529951439.2015071
1529951439.705807
1529951440.210072
1529951440.7143979
1529951441.218673
1529951441.7229769
1529951442.227289
1529951442.7315891
1529951443.2359281
1529951443.639323
1529951444.0427589
1529951444.446208
1529951444.8496621
1529951445.2530911
1529951445.555685
1529951445.8584621
1529951446.16083
1529951446.665133
1529951447.1694441
1529951447.7745919
1529951448.379761
1529951448.9849229
1529951449.4892039
1529951449.993489
1529951450.598666
1529951451.1029811
1529951451.506413
1529951451.808979
1529951452.21241
1529951452.615855
1529951453.120157
1529951453.6244609
1529951454.128792
1529951454.532208
1529951455.036536
1529951455.540796
1529951455.8433809
1529951456.145946
1529951456.549417
1529951457.154552
1529951457.557987
1529951457.961458
1529951458.4657309
1529951458.9700339
1529951459.474334
1529951460.0795031
1529951460.4829559
1529951460.987251
1529951461.4915249
1529951461.9958241
1529951462.5001471
1529951463.0044401
1529951463.5087321
1529951464.113878
1529951464.7190521
1529951465.223382
1529951465.8285289
1529951466.4336791
1529951467.0388379
1529951467.5431299
1529951468.047425
1529951468.551748
1529951469.0560651
1529951469.5603399
1529951470.064636
1529951470.5689521
1529951471.073247
1529951471.476702
1529951471.9809771
1529951472.3844471
1529951472.88871
1529951473.2921331
1529951473.7986431
1529951474.1012371
1529951474.403831
1529951474.7064159
1529951475.109834
1529951475.4124401
1529951475.81587
1529951476.4210539
1529951477.026206
1529951477.6313291
1529951478.2365069
1529951478.740829
1529951479.144264
1529951479.6485281
1529951480.0519979
1529951480.3545561
1529951480.9597161
1529951481.4640069
1529951481.9683559
1529951482.47264
1529951482.9769139
1529951483.481215
1529951483.884654
1529951484.3889551
1529951484.792412
1529951485.1958261
1529951485.599313
1529951486.0027261
1529951486.4061649
1529951486.91047
1529951487.414752
1529951487.919054
1529951488.5242331
1529951489.0285151
1529951489.532831
1529951489.9362659
1529951490.339716
1529951490.8439779
1529951491.3483169
1529951491.8526299
1529951492.4578199
1529951493.467916
1529951494.980783
1529951495.989454
